

17 26 T 0

15 20 H 90











15 21 H 90











14 28 T 270



12 15 H 180





18 28 H 180
















6 26 T 0










7 17 H 0


12 12 H 90

7 10 T 180



10 21 H 0


16 22 T 270



16 12 T 180

21 22 T 180


19 12 H 270





26 8 H 180





26 11 H 180
















24 2 T 0
12 14 T 90






22 3 T 180




23 9 T 180
4 27 H 0






26 25 T 270
27 2 H 0

22 18 T 270







24 3 H 90




23 24 T 90





25 25 T 90




20 0 H 90
12 14 H 180













8 9 H 90


0 28 H 0







9 6 H 180


19 24 H 0






17 13 T 180








8 26 H 90







28 15 H 270


29 5 H 0






28 24 H 270













5 4 H 0
17 6 H 90











20 14 H 180

